3826579.405720 461005.200082 5064892.634000
3826577.978720 461002.801082 5064893.922000
3826566.191720 461008.524081 5064902.251990
3826561.151720 461023.640081 5064904.668990
3826560.961720 461028.557081 5064904.366990
3826567.284720 461037.313081 5064898.829990
3826577.384720 461040.796082 5064890.934000
3826583.733720 461041.116083 5064886.139000
3826590.405720 461028.937083 5064882.231000
3826592.923720 461021.255084 5064881.036000
3826589.794720 461012.349083 5064884.190000
3826590.801720 461004.219084 5064884.168000
3826581.712720 460998.487083 5064891.509000
3826571.399720 460999.081082 5064899.196000
3826566.712720 461001.645081 5064902.481990
3826560.969720 461006.464081 5064906.356990
3826557.836720 461023.802080 5064907.142990
3826558.365720 461031.683080 5064906.032990
3826563.360720 461043.669081 5064901.200990
3826574.007720 461047.959082 5064892.820990
3826581.447720 461048.051083 5064887.228000
3826589.455720 461041.397083 5064881.819000
3826597.901720 461028.688084 5064876.627000
3826596.944720 461011.121084 5064878.934000
3826596.727720 460997.378084 5064880.338000
3826585.524720 460993.011083 5064889.143000
3826573.880720 460992.286082 5064897.948000
3826567.487720 460993.345081 5064902.650990
3826556.163720 461006.598080 5064909.952990
3826549.690720 461023.107080 5064913.318990
3826551.036720 461035.145080 5064911.220990
3826556.869720 461040.622080 5064906.347990
3826562.630720 461052.946081 5064900.909990
3826577.362720 461056.760082 5064889.507000
3826584.452720 461054.864083 5064884.356000
3826595.910720 461047.052084 5064876.462000
3826598.584720 461039.382084 5064875.148000
3826603.651720 461019.506085 5064873.141000
3826600.853720 461013.982084 5064875.741000
3826605.208720 461010.562085 5064872.781000
3826584.986720 460982.050083 5064890.537000
3826564.652720 460987.066081 5064905.346990
3826550.922720 460998.394080 5064914.627990
3826546.085720 461013.568079 5064916.887990
3826556.044720 461056.040080 5064905.572990
3826573.593720 461059.387082 5064892.098990
3826586.411720 461061.958083 5064882.245000
3826607.735720 461026.685085 5064869.427000
3826527.794730 460940.750078 5064937.199000
3826530.245730 460940.296078 5064935.400000
3826532.706730 460924.973078 5064934.938000
3826524.934730 460912.679077 5064941.883000
3826521.614730 460910.247077 5064944.595000
3826512.057730 460913.107076 5064951.510000
3826504.109730 460922.437075 5064956.633000
3826500.413730 460929.149075 5064958.800000
3826505.247720 460941.875075 5064954.022000
3826509.220720 460948.076076 5064950.479000
3826517.133720 460948.731077 5064944.480000
3826522.244720 460953.503077 5064940.212000
3826531.208730 460946.283078 5064934.136000
3826536.434730 460934.876078 5064931.245000
3826537.211730 460928.652078 5064931.224000
3826536.995730 460920.266078 5064932.144000
3826526.634730 460909.025077 5064940.937000
3826520.856730 460906.026077 5064945.545000
3826509.776730 460905.989076 5064953.865000
3826500.967730 460915.545075 5064959.614000
3826496.833730 460923.538075 5064961.994000
3826497.088720 460935.202075 5064960.749000
3826501.321720 460950.083075 5064956.227000
3826514.079720 460957.010076 5064946.024000
3826523.768720 460963.003077 5064938.210000
3826532.938720 460952.881078 5064932.242000
3826539.810730 460940.634079 5064928.190000
3826542.568730 460933.250079 5064926.787000
3826539.530730 460915.015079 5064930.716000
3826531.573730 460900.543078 5064937.997000
3826522.452730 460896.542077 5064945.204000
3826515.448730 460900.360076 5064950.117000
3826503.714730 460900.998075 5064958.867000
3826493.002730 460915.179074 5064965.626000
3826490.445730 460923.697074 5064966.775000
3826489.619720 460939.612074 5064965.957000
3826493.499720 460945.975074 5064962.469000
3826504.571720 460960.453075 5064952.850000
3826509.949720 460959.935076 5064948.860000
3826509.949720 460966.188076 5064948.295000
3826540.865720 460957.269079 5064925.895000
3826548.491730 460933.033080 5064922.361000
3826548.110730 460913.071080 5064924.451000
3826540.188730 460900.972079 5064931.492000
3826505.161730 460892.483075 5064958.550000
3826493.234730 460909.918074 5064965.927000
3826484.434730 460922.598073 5064971.387000
3826497.338720 460961.612075 5064958.175000
3826640.680730 460946.781088 5064851.920000
3826639.656730 460949.633088 5064852.431000
3826648.982730 460959.234089 5064844.563000
3826661.794730 460956.411090 5064835.201000
3826665.303730 460953.927091 5064832.791000
3826668.537730 460942.311091 5064831.414000
3826666.387730 460929.498091 5064834.186000
3826663.733730 460922.466091 5064836.814000
3826652.226730 460921.919089 5064845.500000
3826645.735730 460923.401089 5064850.239000
3826640.952730 460931.650088 5064853.084000
3826634.833730 460935.009088 5064857.373000
3826634.959730 460947.961088 5064856.107000
3826640.046730 460958.774088 5064851.312000
3826643.956730 460962.433089 5064848.046000
3826649.914730 460966.000089 5064843.251000
3826663.409730 460959.904090 5064833.673000
3826668.658730 460955.022091 5064830.174000
3826674.743730 460943.072092 5064826.687000
3826672.905730 460929.227091 5064829.318000
3826669.598730 460921.142091 5064832.531000
3826661.336730 460916.131090 5064839.186000
3826648.657730 460913.960089 5064848.899000
3826636.856730 460924.600088 5064856.795000
3826627.383730 460932.349087 5064863.205000
3826629.418730 460946.839087 5064860.368000
3826634.189730 460959.811088 5064855.614000
3826637.824730 460966.136088 5064852.315000
3826652.185730 460971.118089 5064841.084000
3826666.616730 460969.080091 5064830.437000
3826674.390730 460961.043091 5064825.328000
3826675.561730 460951.749092 5064825.289000
3826681.534730 460938.787092 5064821.977000
3826677.515740 460920.791092 5064826.620000
3826672.981740 460914.170091 5064830.622000
3826662.349740 460906.066090 5064839.335000
3826655.795740 460907.374090 5064844.136000
3826639.657730 460912.771088 5064855.762000
3826637.077730 460918.814088 5064857.152000
3826632.722730 460915.980088 5064860.677000
3826622.028730 460953.412087 5064865.321000
3826634.735730 460972.631088 5064854.046000
3826648.846730 460981.265089 5064842.674000
3826661.606730 460978.191090 5064833.373000
3826686.673730 460944.208093 5064817.629000
3826681.053740 460923.425092 5064823.726000
3826677.034740 460908.175092 5064828.121000
3826642.806730 460904.434089 5064854.152000
3826682.962720 461070.983092 5064808.957000
3826684.918720 461068.991092 5064807.668000
3826680.545720 461054.810092 5064812.233000
3826668.492720 461049.874091 5064821.725000
3826664.544720 461050.074091 5064824.671000
3826657.385720 461058.734090 5064829.262000
3826654.393720 461071.631090 5064830.342000
3826654.014720 461079.573089 5064829.909000
3826663.674720 461086.805090 5064822.004000
3826669.800720 461089.260091 5064817.184000
3826677.017720 461084.568092 5064812.191000
3826683.532720 461085.100092 5064807.253000
3826688.313720 461073.262093 5064804.734000
3826688.034720 461060.460093 5064806.100000
3826686.062720 461054.847093 5064808.088000
3826682.300720 461048.119092 5064811.520000
3826668.425720 461045.756091 5064822.148000
3826662.082720 461047.116090 5064826.786000
3826652.352720 461054.409089 5064833.431000
3826648.700720 461068.060089 5064834.938000
3826648.483720 461077.341089 5064834.262000
3826653.678720 461086.730089 5064829.514000
3826663.730720 461096.126090 5064821.120000
3826677.868720 461093.369092 5064810.757000
3826688.916720 461091.877093 5064802.598000
3826692.642720 461077.525093 5064801.099000
3826693.447720 461062.948093 5064801.812000
3826692.719720 461055.074093 5064803.071000
3826682.285720 461042.140092 5064812.072000
3826669.140720 461035.542091 5064822.534000
3826659.440720 461038.291090 5064829.568000
3826654.926720 461046.048090 5064832.255000
3826644.911720 461054.325089 5064839.024000
3826641.562720 461073.026088 5064839.847000
3826642.950720 461081.694088 5064838.022000
3826649.009720 461095.279089 5064832.246000
3826655.122720 461097.929090 5064827.418000
3826670.999720 461102.475091 5064815.090000
3826675.493720 461098.496092 5064812.076000
3826678.158720 461103.620092 5064809.613000
3826701.461720 461075.880094 5064794.628000
3826697.820720 461050.982094 5064799.612000
3826688.979720 461034.879093 5064807.703000
3826676.876720 461030.199092 5064817.211000
3826642.550720 461046.391088 5064841.513000
3826639.523720 461068.561088 5064841.781000
3826637.211720 461084.765088 5064842.052000
3826665.151720 461108.205091 5064818.961000
3826587.924710 461159.994083 5064872.248000
3826588.242710 461163.008083 5064871.737000
3826600.510710 461164.711084 5064862.375000
3826610.539710 461153.932085 5064855.821000
3826612.558710 461149.577085 5064854.699000
3826610.443710 461137.921085 5064857.340000
3826603.097710 461128.843085 5064863.675000
3826597.773710 461124.835084 5064868.033000
3826587.453710 461131.992083 5064875.133000
3826582.393710 461137.496083 5064878.432990
3826581.715710 461147.418083 5064878.045990
3826577.781710 461154.212082 5064880.383990
3826583.411710 461164.741083 5064875.205990
3826592.479710 461170.239084 5064867.903000
3826597.466710 461170.654084 5064864.122000
3826604.211710 461169.639085 5064859.151000
3826613.444710 461155.725086 5064853.478000
3826615.965710 461148.257086 5064852.261000
3826616.207710 461134.445086 5064853.327000
3826608.697710 461124.314085 5064859.881000
3826602.352710 461119.875085 5064865.045000
3826592.972710 461121.230084 5064871.963000
3826580.931710 461127.829083 5064880.403990
3826575.119710 461144.347082 5064883.273990
3826570.117710 461156.957081 5064885.888990
3826578.075710 461167.483082 5064878.963990
3826587.786710 461174.960083 5064870.998990
3826593.668710 461177.740084 5064866.332000
3826608.382710 461172.332085 5064855.777000
3826620.166710 461161.126086 5064847.945000
3826623.557710 461149.403087 5064846.459000
3826620.623710 461141.013086 5064849.420000
3826620.335710 461126.445086 5064850.952000
3826609.143710 461114.355085 5064860.446000
3826602.346710 461111.927085 5064865.768000
3826589.571710 461112.313083 5064875.322000
3826584.382710 461117.716083 5064878.728000
3826572.534710 461132.803082 5064886.257990
3826572.847710 461139.460082 5064885.420990
3826567.821710 461140.016081 5064889.142990
3826574.397710 461177.754082 5064880.795990
3826593.729710 461185.103084 5064865.621000
3826609.779710 461182.852085 5064853.777000
3826619.657710 461171.901086 5064847.353000
3826627.151710 461127.491087 5064845.742000
3826613.366710 461114.176086 5064857.292000
3826603.345710 461104.336085 5064865.703000
3826571.741710 461123.891082 5064887.658990
3826527.822710 461082.858077 5064924.334000
3826525.549710 461081.835077 5064926.132000
3826517.654710 461094.313077 5064930.931000
3826519.677710 461110.030077 5064927.992000
3826521.606710 461114.184077 5064926.168000
3826530.881710 461117.180078 5064918.935000
3826541.219710 461113.359079 5064911.520000
3826546.922710 461109.426079 5064907.595000
3826547.582710 461095.037079 5064908.401000
3826546.516710 461087.078079 5064909.920000
3826539.977710 461081.849079 5064915.301000
3826537.396710 461074.523078 5064917.901000
3826526.984710 461075.833077 5064925.597000
3826518.195710 461083.134077 5064931.534000
3826515.179710 461088.333076 5064933.329000
3826512.198710 461096.077076 5064934.866000
3826516.839710 461112.354076 5064929.911000
3826520.662710 461118.462077 5064926.490000
3826530.149710 461124.981078 5064918.779000
3826541.311710 461121.460079 5064910.719000
3826547.874710 461116.619079 5064906.231000
3826552.059710 461105.875080 5064904.061000
3826554.048710 461089.879080 5064904.014000
3826545.722710 461076.117079 5064911.506000
3826539.675710 461065.000079 5064917.050000
3826527.992710 461068.826078 5064925.474000
3826517.474710 461075.927076 5064932.727000
3826512.322710 461081.019076 5064936.135000
3826508.041710 461099.363076 5064937.689000
3826509.402710 461117.167076 5064935.059000
3826515.712710 461126.141076 5064929.511000
3826523.160710 461126.774077 5064923.863000
3826533.463710 461133.065078 5064915.562000
3826548.004710 461126.455079 5064905.244000
3826553.412710 461120.215080 5064901.749000
3826560.129710 461106.242081 5064897.970000
3826559.204710 461098.190080 5064899.392000
3826555.176710 461078.557080 5064904.190000
3826550.369710 461075.878080 5064908.041000
3826552.730710 461070.199080 5064906.782000
3826522.850710 461060.200077 5064930.113000
3826507.160710 461077.749076 5064940.304000
3826499.950710 461096.105075 5064944.057000
3826502.176710 461111.734075 5064940.974000
3826529.008710 461139.952078 5064918.283000
3826545.819710 461131.098079 5064906.465000
3826558.153710 461124.733080 5064897.782000
3826561.816710 461081.739081 5064898.918000
