3826577.022720 461022.995082 5064892.814000
3826575.003720 461022.752082 5064894.352000
3826575.684720 461025.100082 5064893.628000
3826577.822720 461025.358082 5064892.000000
3826579.041720 461023.238082 5064891.276000
3826578.360720 461020.890082 5064892.000000
3826576.222720 461020.632082 5064893.628000
3826573.949720 461018.870082 5064895.493000
3826572.429720 461022.442082 5064896.311990
3826573.057720 461026.272082 5064895.494000
3826575.541720 461028.570082 5064893.421000
3826578.718720 461028.259082 5064891.065000
3826581.101720 461025.485083 5064889.527000
3826581.575720 461021.545083 5064889.527000
3826579.919720 461018.285082 5064891.065000
3826576.908720 461017.228082 5064893.421000
3826576.185720 461013.821082 5064894.271000
3826573.289720 461014.564082 5064896.378000
3826570.094720 461017.844082 5064898.479990
3826569.025720 461025.040081 5064898.631990
3826569.765720 461028.071082 5064897.801990
3826571.983720 461031.190082 5064895.855990
3826575.281720 461032.054082 5064893.302000
3826579.884720 461031.012082 5064889.941000
3826583.298720 461028.619083 5064887.595000
3826584.912720 461024.632083 5064886.744000
3826584.355720 461020.802083 5064887.508000
3826582.477720 461016.700083 5064889.288000
3826579.452720 461014.176082 5064891.787000
3826574.637720 461009.178082 5064895.853000
3826571.657720 461010.227082 5064897.995000
3826569.873720 461012.530082 5064899.125990
3826566.926720 461019.794081 5064900.681990
3826565.022720 461021.735081 5064901.935990
3826567.117720 461028.585081 5064899.743990
3826569.455720 461032.565081 5064897.628990
3826571.725720 461036.888082 5064895.533990
3826574.384720 461036.211082 5064893.600000
3826578.189720 461035.829082 5064890.778000
3826583.444720 461033.031083 5064887.086000
3826585.332720 461031.424083 5064885.814000
3826587.108720 461026.476083 5064884.929000
3826589.101720 461023.030083 5064883.744000
3826586.640720 461014.912083 5064886.325000
3826584.455720 461012.167083 5064888.213000
3826580.927720 461009.150083 5064891.134000
3826603.368730 460977.369085 5064877.163000
3826612.502720 461053.146086 5064863.457000
3826577.022720 461022.995082 5064892.814000
3826575.003720 461022.752082 5064894.352000
3826575.684720 461025.100082 5064893.628000
3826577.822720 461025.358082 5064892.000000
3826579.041720 461023.238082 5064891.276000
3826578.360720 461020.890082 5064892.000000
3826576.222720 461020.632082 5064893.628000
3826573.949720 461018.870082 5064895.493000
3826572.429720 461022.442082 5064896.311990
3826573.057720 461026.272082 5064895.494000
3826575.541720 461028.570082 5064893.421000
3826578.718720 461028.259082 5064891.065000
3826581.101720 461025.485083 5064889.527000
3826581.575720 461021.545083 5064889.527000
3826579.919720 461018.285082 5064891.065000
3826576.908720 461017.228082 5064893.421000
3826576.185720 461013.821082 5064894.271000
3826573.289720 461014.564082 5064896.378000
3826570.094720 461017.844082 5064898.479990
3826569.025720 461025.040081 5064898.631990
3826569.765720 461028.071082 5064897.801990
3826571.983720 461031.190082 5064895.855990
3826575.281720 461032.054082 5064893.302000
3826579.884720 461031.012082 5064889.941000
3826583.298720 461028.619083 5064887.595000
3826584.912720 461024.632083 5064886.744000
3826584.355720 461020.802083 5064887.508000
3826582.477720 461016.700083 5064889.288000
3826579.452720 461014.176082 5064891.787000
3826574.637720 461009.178082 5064895.853000
3826571.657720 461010.227082 5064897.995000
3826569.873720 461012.530082 5064899.125990
3826566.926720 461019.794081 5064900.681990
3826565.022720 461021.735081 5064901.935990
3826567.117720 461028.585081 5064899.743990
3826569.455720 461032.565081 5064897.628990
3826571.725720 461036.888082 5064895.533990
3826574.384720 461036.211082 5064893.600000
3826578.189720 461035.829082 5064890.778000
3826583.444720 461033.031083 5064887.086000
3826585.332720 461031.424083 5064885.814000
3826587.108720 461026.476083 5064884.929000
3826589.101720 461023.030083 5064883.744000
3826586.640720 461014.912083 5064886.325000
3826584.455720 461012.167083 5064888.213000
3826580.927720 461009.150083 5064891.134000
3826603.368730 460977.369085 5064877.163000
3826612.502720 461053.146086 5064863.457000
3826516.704730 460930.113077 5064946.485000
3826514.684730 460929.869076 5064948.023000
3826515.365730 460932.218076 5064947.299000
3826517.504730 460932.475077 5064945.671000
3826518.723730 460930.356077 5064944.947000
3826518.042730 460928.008077 5064945.671000
3826515.904730 460927.750076 5064947.299000
3826521.257730 460928.663077 5064943.198000
3826519.601730 460925.403077 5064944.736000
3826516.589730 460924.346077 5064947.092000
3826513.631730 460925.988076 5064949.165000
3826512.110730 460929.559076 5064949.983000
3826512.739730 460933.390076 5064949.165000
3826515.223730 460935.688076 5064947.093000
3826518.400730 460935.376077 5064944.736000
3826520.783730 460932.603077 5064943.198000
3826523.551730 460933.366077 5064941.051000
3826524.617730 460929.902077 5064940.565000
3826524.079730 460924.964077 5064941.414000
3826519.652730 460920.549077 5064945.136000
3826517.137730 460919.975077 5064947.076000
3826513.752730 460920.957076 5064949.528000
3826511.347730 460924.127076 5064951.047000
3826509.556730 460929.571076 5064951.900000
3826509.354730 460934.343076 5064951.619000
3826511.249730 460937.892076 5064949.877000
3826514.221730 460939.026076 5064947.543000
3826518.104730 460938.856077 5064944.644000
3826521.517730 460936.733077 5064942.274000
3826527.631730 460933.798078 5064937.950000
3826528.531730 460930.103078 5064937.608000
3826527.902730 460927.134078 5064938.349000
3826524.454730 460920.659077 5064941.522000
3826524.143730 460917.723077 5064942.021000
3826518.227730 460916.882077 5064946.538000
3826514.177730 460917.604076 5064949.512000
3826509.925730 460918.097076 5064952.660000
3826508.942730 460921.275076 5064953.110000
3826507.127730 460925.558076 5064954.085000
3826506.202730 460932.501076 5064954.152000
3826506.289730 460935.269076 5064953.836000
3826508.763720 460939.428076 5064951.603000
3826510.074720 460943.142076 5064950.284000
3826517.074720 460944.163077 5064944.938000
3826520.180730 460943.047077 5064942.707000
3826524.210730 460940.604077 5064939.902000
3826478.054730 460906.469073 5064977.634000
3826495.552720 460979.638074 5064957.886000
3826654.153730 460939.623090 5064842.454000
3826652.133730 460939.379089 5064843.992000
3826652.815730 460941.728089 5064843.268000
3826654.953730 460941.985090 5064841.640000
3826656.172730 460939.866090 5064840.916000
3826655.491730 460937.518090 5064841.640000
3826653.353730 460937.260090 5064843.268000
3826652.672730 460945.198089 5064843.061000
3826655.849730 460944.886090 5064840.705000
3826658.232730 460942.113090 5064839.167000
3826658.706730 460938.173090 5064839.167000
3826657.050730 460934.913090 5064840.705000
3826654.039730 460933.856090 5064843.061000
3826651.080730 460935.498089 5064845.133000
3826649.560730 460939.069089 5064845.952000
3826650.188730 460942.900089 5064845.134000
3826648.143730 460945.543089 5064846.430000
3826649.973730 460948.265089 5064844.810000
3826653.705730 460949.921090 5064841.859000
3826659.202730 460947.142090 5064837.985000
3826660.977730 460944.684090 5064836.874000
3826662.143730 460940.583090 5064836.369000
3826661.251730 460936.550090 5064837.404000
3826658.440730 460932.148090 5064839.912000
3826655.226730 460929.768090 5064842.539000
3826651.718730 460930.207089 5064845.132000
3826649.303730 460932.902089 5064846.702000
3826647.297730 460937.173089 5064847.821000
3826646.910730 460941.821089 5064847.692000
3826645.611730 460949.755089 5064847.950000
3826647.692730 460952.401089 5064846.149000
3826650.104730 460953.067089 5064844.278000
3826656.499730 460952.277090 5064839.549000
3826658.714730 460953.272090 5064837.797000
3826662.535730 460947.263090 5064835.472000
3826664.246730 460942.562091 5064834.612000
3826666.229730 460937.746091 5064833.559000
3826664.553730 460935.244091 5064835.043000
3826662.562730 460931.344090 5064836.890000
3826658.233730 460927.199090 5064840.515000
3826656.257730 460926.038090 5064842.102000
3826652.007730 460926.826089 5064845.221000
3826648.704730 460926.558089 5064847.725000
3826644.165730 460933.655089 5064850.490000
3826643.244730 460937.517089 5064850.832000
3826642.741730 460942.977088 5064850.717000
3826664.795740 460885.803091 5064839.331000
3826611.402730 460929.309086 5064875.476000
3826668.706720 461069.597091 5064819.782000
3826666.686720 461069.354091 5064821.320000
3826667.368720 461071.702091 5064820.597000
3826669.506720 461071.960091 5064818.968000
3826670.725720 461069.840091 5064818.245000
3826670.044720 461067.492091 5064818.968000
3826667.906720 461067.234091 5064820.596000
3826672.081720 461065.399091 5064817.629000
3826669.239720 461063.823091 5064819.904000
3826666.148720 461064.947091 5064822.123000
3826664.254720 461068.248090 5064823.246000
3826664.443720 461072.179090 5064822.749000
3826666.627720 461074.902091 5064820.863000
3826669.784720 461075.144091 5064818.472000
3826672.436720 461072.789091 5064816.694000
3826673.343720 461068.941091 5064816.361000
3826676.095720 461067.737092 5064814.404000
3826675.553720 461064.194092 5064815.131000
3826672.978720 461060.504091 5064817.398000
3826667.216720 461059.811091 5064821.785000
3826664.765720 461061.004091 5064823.517000
3826662.217720 461064.046090 5064825.155000
3826661.458720 461068.233090 5064825.346000
3826662.208720 461073.876090 5064824.273000
3826664.065720 461077.920090 5064822.513000
3826667.239720 461079.576091 5064819.982000
3826670.327720 461078.541091 5064817.757000
3826673.661720 461075.835091 5064815.500000
3826675.747720 461071.840092 5064814.294000
3826679.857720 461065.395092 5064811.792000
3826679.071720 461061.774092 5064812.709000
3826677.253720 461059.756092 5064814.256000
3826671.473720 461056.728091 5064818.869000
3826669.948720 461054.528091 5064820.212000
3826664.403720 461057.749090 5064824.083000
3826661.160720 461061.018090 5064826.222000
3826657.641720 461064.232090 5064828.573000
3826658.135720 461067.485090 5064827.908000
3826658.369720 461072.193090 5064827.307000
3826660.516720 461078.494090 5064825.125000
3826661.773720 461080.704090 5064823.983000
3826665.715720 461082.478091 5064820.864000
3826668.446720 461084.655091 5064818.617000
3826675.018720 461080.865091 5064814.026000
3826677.266720 461077.897092 5064812.607000
3826679.759720 461073.232092 5064811.157000
3826687.844730 461018.973093 5064809.993000
3826629.030720 461048.469087 5064851.474000
3826596.686710 461145.225084 5064867.006000
3826594.666710 461144.982084 5064868.544000
3826595.348710 461147.330084 5064867.820000
3826597.486710 461147.587084 5064866.192000
3826598.705710 461145.468084 5064865.468000
3826598.024710 461143.120084 5064866.192000
3826595.886710 461142.862084 5064867.820000
3826597.764710 461150.772084 5064865.696000
3826600.416710 461148.417084 5064863.918000
3826601.323710 461144.569084 5064863.585000
3826600.060710 461141.028084 5064864.852000
3826597.219710 461139.451084 5064867.128000
3826594.128710 461140.575084 5064869.347000
3826592.233710 461143.876084 5064870.470000
3826592.423710 461147.806084 5064869.973000
3826594.607710 461150.530084 5064868.087000
3826593.940710 461154.048084 5064868.270000
3826596.704710 461155.068084 5064866.103000
3826600.683710 461153.960084 5064863.217000
3826604.316710 461148.049085 5064861.024000
3826604.825710 461144.863085 5064860.930000
3826604.101710 461140.732085 5064861.847000
3826601.599710 461138.016084 5064863.970000
3826597.259710 461136.267084 5064867.386000
3826593.427710 461136.441084 5064870.246000
3826590.538710 461139.119083 5064872.173000
3826589.570710 461142.923083 5064872.556000
3826589.631710 461147.749083 5064872.073000
3826591.272710 461151.813083 5064870.474000
3826593.514710 461159.173084 5064868.126000
3826596.467710 461159.964084 5064865.839000
3826598.866710 461158.917084 5064864.132000
3826604.135710 461154.043085 5064860.617000
3826606.501710 461153.396085 5064858.900000
3826607.291710 461145.946085 5064858.981000
3826606.788710 461140.963085 5064859.809000
3826606.474710 461135.706085 5064860.520000
3826603.938710 461134.764085 5064862.508000
3826600.531710 461132.884084 5064865.236000
3826594.968710 461132.348084 5064869.460000
3826592.741710 461132.703084 5064871.099000
3826589.352710 461136.157083 5064873.331000
3826586.341710 461138.121083 5064875.414000
3826585.387710 461146.935083 5064875.332990
3826586.224710 461150.709083 5064874.363000
3826588.109710 461155.515083 5064872.514000
3826629.882710 461179.040087 5064839.032000
3826626.684720 461100.469087 5064848.535000
3826533.317710 461099.013078 5064918.749000
3826531.297710 461098.769078 5064920.287000
3826531.978710 461101.118078 5064919.563000
3826534.117710 461101.375078 5064917.935000
3826535.336710 461099.256078 5064917.211000
3826534.655710 461096.908078 5064917.935000
3826532.517710 461096.650078 5064919.563000
3826528.864710 461097.663078 5064922.213000
3826529.053710 461101.595078 5064921.716000
3826531.238710 461104.318078 5064919.830000
3826534.394710 461104.560078 5064917.439000
3826537.047710 461102.205078 5064915.661000
3826537.954710 461098.357078 5064915.328000
3826536.691710 461094.816078 5064916.595000
3826533.850710 461093.239078 5064918.871000
3826530.759710 461094.363078 5064921.089000
3826528.674710 461092.048078 5064922.864000
3826526.451710 461094.572077 5064924.304000
3826525.048710 461099.371077 5064924.923000
3826527.177710 461105.973077 5064922.728000
3826529.117710 461107.968078 5064921.092000
3826532.391710 461109.057078 5064918.536000
3826535.650710 461107.587078 5064916.222000
3826539.242710 461103.690079 5064913.879000
3826541.216710 461099.473079 5064912.778000
3826540.931710 461095.140079 5064913.383000
3826538.811710 461092.370079 5064915.225000
3826535.417710 461090.250078 5064917.965000
3826531.689710 461090.182078 5064920.769000
3826525.337710 461089.267077 5064925.620000
3826523.171710 461092.097077 5064926.989000
3826522.589710 461095.163077 5064927.149000
3826523.101710 461103.062077 5064926.051000
3826522.259710 461105.912077 5064926.426000
3826527.015710 461110.140077 5064922.473000
3826530.761710 461111.854078 5064919.507000
3826534.594710 461113.897078 5064916.445000
3826536.637710 461111.585078 5064915.121000
3826539.809710 461108.757079 5064912.995000
3826543.224710 461102.993079 5064910.953000
3826544.195710 461100.426079 5064910.456000
3826543.642710 461095.200079 5064911.343000
3826543.922710 461091.059079 5064911.508000
3826538.304710 461086.033078 5064916.178000
3826535.219710 461085.229078 5064918.567000
3826530.840710 461085.088078 5064921.867000
3826523.410710 461153.104077 5064921.296000
3826576.235710 461108.485082 5064885.678000
