3826575.003720 461022.752082 5064894.352000
3826577.822720 461025.358082 5064892.000000
3826578.360720 461020.890082 5064892.000000
3826573.949720 461018.870082 5064895.493000
3826573.057720 461026.272082 5064895.494000
3826578.718720 461028.259082 5064891.065000
3826581.575720 461021.545083 5064889.527000
3826576.908720 461017.228082 5064893.421000
3826573.289720 461014.564082 5064896.378000
3826569.025720 461025.040081 5064898.631990
3826571.983720 461031.190082 5064895.855990
3826579.884720 461031.012082 5064889.941000
3826584.912720 461024.632083 5064886.744000
3826582.477720 461016.700083 5064889.288000
3826574.637720 461009.178082 5064895.853000
3826569.873720 461012.530082 5064899.125990
3826565.022720 461021.735081 5064901.935990
3826569.455720 461032.565081 5064897.628990
3826574.384720 461036.211082 5064893.600000
3826583.444720 461033.031083 5064887.086000
3826587.108720 461026.476083 5064884.929000
3826586.640720 461014.912083 5064886.325000
3826580.927720 461009.150083 5064891.134000
3826612.502720 461053.146086 5064863.457000
3826577.978720 461002.801082 5064893.922000
3826561.151720 461023.640081 5064904.668990
3826567.284720 461037.313081 5064898.829990
3826583.733720 461041.116083 5064886.139000
3826592.923720 461021.255084 5064881.036000
3826590.801720 461004.219084 5064884.168000
3826571.399720 460999.081082 5064899.196000
3826560.969720 461006.464081 5064906.356990
3826558.365720 461031.683080 5064906.032990
3826574.007720 461047.959082 5064892.820990
3826589.455720 461041.397083 5064881.819000
3826596.944720 461011.121084 5064878.934000
3826585.524720 460993.011083 5064889.143000
3826567.487720 460993.345081 5064902.650990
3826549.690720 461023.107080 5064913.318990
3826556.869720 461040.622080 5064906.347990
3826577.362720 461056.760082 5064889.507000
3826595.910720 461047.052084 5064876.462000
3826603.651720 461019.506085 5064873.141000
3826605.208720 461010.562085 5064872.781000
3826564.652720 460987.066081 5064905.346990
3826546.085720 461013.568079 5064916.887990
3826573.593720 461059.387082 5064892.098990
3826607.735720 461026.685085 5064869.427000
3826575.003720 461022.752082 5064894.352000
3826577.822720 461025.358082 5064892.000000
3826578.360720 461020.890082 5064892.000000
3826573.949720 461018.870082 5064895.493000
3826573.057720 461026.272082 5064895.494000
3826578.718720 461028.259082 5064891.065000
3826581.575720 461021.545083 5064889.527000
3826576.908720 461017.228082 5064893.421000
3826573.289720 461014.564082 5064896.378000
3826569.025720 461025.040081 5064898.631990
3826571.983720 461031.190082 5064895.855990
3826579.884720 461031.012082 5064889.941000
3826584.912720 461024.632083 5064886.744000
3826582.477720 461016.700083 5064889.288000
3826574.637720 461009.178082 5064895.853000
3826569.873720 461012.530082 5064899.125990
3826565.022720 461021.735081 5064901.935990
3826569.455720 461032.565081 5064897.628990
3826574.384720 461036.211082 5064893.600000
3826583.444720 461033.031083 5064887.086000
3826587.108720 461026.476083 5064884.929000
3826586.640720 461014.912083 5064886.325000
3826580.927720 461009.150083 5064891.134000
3826612.502720 461053.146086 5064863.457000
3826577.978720 461002.801082 5064893.922000
3826561.151720 461023.640081 5064904.668990
3826567.284720 461037.313081 5064898.829990
3826583.733720 461041.116083 5064886.139000
3826592.923720 461021.255084 5064881.036000
3826590.801720 461004.219084 5064884.168000
3826571.399720 460999.081082 5064899.196000
3826560.969720 461006.464081 5064906.356990
3826558.365720 461031.683080 5064906.032990
3826574.007720 461047.959082 5064892.820990
3826589.455720 461041.397083 5064881.819000
3826596.944720 461011.121084 5064878.934000
3826585.524720 460993.011083 5064889.143000
3826567.487720 460993.345081 5064902.650990
3826549.690720 461023.107080 5064913.318990
3826556.869720 461040.622080 5064906.347990
3826577.362720 461056.760082 5064889.507000
3826595.910720 461047.052084 5064876.462000
3826603.651720 461019.506085 5064873.141000
3826605.208720 461010.562085 5064872.781000
3826564.652720 460987.066081 5064905.346990
3826546.085720 461013.568079 5064916.887990
3826573.593720 461059.387082 5064892.098990
3826607.735720 461026.685085 5064869.427000
3826514.684730 460929.869076 5064948.023000
3826517.504730 460932.475077 5064945.671000
3826518.042730 460928.008077 5064945.671000
3826521.257730 460928.663077 5064943.198000
3826516.589730 460924.346077 5064947.092000
3826512.110730 460929.559076 5064949.983000
3826515.223730 460935.688076 5064947.093000
3826520.783730 460932.603077 5064943.198000
3826524.617730 460929.902077 5064940.565000
3826519.652730 460920.549077 5064945.136000
3826513.752730 460920.957076 5064949.528000
3826509.556730 460929.571076 5064951.900000
3826511.249730 460937.892076 5064949.877000
3826518.104730 460938.856077 5064944.644000
3826527.631730 460933.798078 5064937.950000
3826527.902730 460927.134078 5064938.349000
3826524.143730 460917.723077 5064942.021000
3826514.177730 460917.604076 5064949.512000
3826508.942730 460921.275076 5064953.110000
3826506.202730 460932.501076 5064954.152000
3826508.763720 460939.428076 5064951.603000
3826517.074720 460944.163077 5064944.938000
3826524.210730 460940.604077 5064939.902000
3826495.552720 460979.638074 5064957.886000
3826530.245730 460940.296078 5064935.400000
3826524.934730 460912.679077 5064941.883000
3826512.057730 460913.107076 5064951.510000
3826500.413730 460929.149075 5064958.800000
3826509.220720 460948.076076 5064950.479000
3826522.244720 460953.503077 5064940.212000
3826536.434730 460934.876078 5064931.245000
3826536.995730 460920.266078 5064932.144000
3826520.856730 460906.026077 5064945.545000
3826500.967730 460915.545075 5064959.614000
3826497.088720 460935.202075 5064960.749000
3826514.079720 460957.010076 5064946.024000
3826532.938720 460952.881078 5064932.242000
3826542.568730 460933.250079 5064926.787000
3826531.573730 460900.543078 5064937.997000
3826515.448730 460900.360076 5064950.117000
3826493.002730 460915.179074 5064965.626000
3826489.619720 460939.612074 5064965.957000
3826504.571720 460960.453075 5064952.850000
3826509.949720 460966.188076 5064948.295000
3826548.491730 460933.033080 5064922.361000
3826540.188730 460900.972079 5064931.492000
3826493.234730 460909.918074 5064965.927000
3826497.338720 460961.612075 5064958.175000
3826652.133730 460939.379089 5064843.992000
3826654.953730 460941.985090 5064841.640000
3826655.491730 460937.518090 5064841.640000
3826652.672730 460945.198089 5064843.061000
3826658.232730 460942.113090 5064839.167000
3826657.050730 460934.913090 5064840.705000
3826651.080730 460935.498089 5064845.133000
3826650.188730 460942.900089 5064845.134000
3826649.973730 460948.265089 5064844.810000
3826659.202730 460947.142090 5064837.985000
3826662.143730 460940.583090 5064836.369000
3826658.440730 460932.148090 5064839.912000
3826651.718730 460930.207089 5064845.132000
3826647.297730 460937.173089 5064847.821000
3826645.611730 460949.755089 5064847.950000
3826650.104730 460953.067089 5064844.278000
3826658.714730 460953.272090 5064837.797000
3826664.246730 460942.562091 5064834.612000
3826664.553730 460935.244091 5064835.043000
3826658.233730 460927.199090 5064840.515000
3826652.007730 460926.826089 5064845.221000
3826644.165730 460933.655089 5064850.490000
3826642.741730 460942.977088 5064850.717000
3826611.402730 460929.309086 5064875.476000
3826639.656730 460949.633088 5064852.431000
3826661.794730 460956.411090 5064835.201000
3826668.537730 460942.311091 5064831.414000
3826663.733730 460922.466091 5064836.814000
3826645.735730 460923.401089 5064850.239000
3826634.833730 460935.009088 5064857.373000
3826640.046730 460958.774088 5064851.312000
3826649.914730 460966.000089 5064843.251000
3826668.658730 460955.022091 5064830.174000
3826672.905730 460929.227091 5064829.318000
3826661.336730 460916.131090 5064839.186000
3826636.856730 460924.600088 5064856.795000
3826629.418730 460946.839087 5064860.368000
3826637.824730 460966.136088 5064852.315000
3826666.616730 460969.080091 5064830.437000
3826675.561730 460951.749092 5064825.289000
3826677.515740 460920.791092 5064826.620000
3826662.349740 460906.066090 5064839.335000
3826639.657730 460912.771088 5064855.762000
3826632.722730 460915.980088 5064860.677000
3826634.735730 460972.631088 5064854.046000
3826661.606730 460978.191090 5064833.373000
3826681.053740 460923.425092 5064823.726000
3826642.806730 460904.434089 5064854.152000
3826666.686720 461069.354091 5064821.320000
3826669.506720 461071.960091 5064818.968000
3826670.044720 461067.492091 5064818.968000
3826672.081720 461065.399091 5064817.629000
3826666.148720 461064.947091 5064822.123000
3826664.443720 461072.179090 5064822.749000
3826669.784720 461075.144091 5064818.472000
3826673.343720 461068.941091 5064816.361000
3826675.553720 461064.194092 5064815.131000
3826667.216720 461059.811091 5064821.785000
3826662.217720 461064.046090 5064825.155000
3826662.208720 461073.876090 5064824.273000
3826667.239720 461079.576091 5064819.982000
3826673.661720 461075.835091 5064815.500000
3826679.857720 461065.395092 5064811.792000
3826677.253720 461059.756092 5064814.256000
3826669.948720 461054.528091 5064820.212000
3826661.160720 461061.018090 5064826.222000
3826658.135720 461067.485090 5064827.908000
3826660.516720 461078.494090 5064825.125000
3826665.715720 461082.478091 5064820.864000
3826675.018720 461080.865091 5064814.026000
3826679.759720 461073.232092 5064811.157000
3826629.030720 461048.469087 5064851.474000
3826684.918720 461068.991092 5064807.668000
3826668.492720 461049.874091 5064821.725000
3826657.385720 461058.734090 5064829.262000
3826654.014720 461079.573089 5064829.909000
3826669.800720 461089.260091 5064817.184000
3826683.532720 461085.100092 5064807.253000
3826688.034720 461060.460093 5064806.100000
3826682.300720 461048.119092 5064811.520000
3826662.082720 461047.116090 5064826.786000
3826648.700720 461068.060089 5064834.938000
3826653.678720 461086.730089 5064829.514000
3826677.868720 461093.369092 5064810.757000
3826692.642720 461077.525093 5064801.099000
3826692.719720 461055.074093 5064803.071000
3826669.140720 461035.542091 5064822.534000
3826654.926720 461046.048090 5064832.255000
3826641.562720 461073.026088 5064839.847000
3826649.009720 461095.279089 5064832.246000
3826670.999720 461102.475091 5064815.090000
3826678.158720 461103.620092 5064809.613000
3826697.820720 461050.982094 5064799.612000
3826676.876720 461030.199092 5064817.211000
3826639.523720 461068.561088 5064841.781000
3826665.151720 461108.205091 5064818.961000
3826594.666710 461144.982084 5064868.544000
3826597.486710 461147.587084 5064866.192000
3826598.024710 461143.120084 5064866.192000
3826597.764710 461150.772084 5064865.696000
3826601.323710 461144.569084 5064863.585000
3826597.219710 461139.451084 5064867.128000
3826592.233710 461143.876084 5064870.470000
3826594.607710 461150.530084 5064868.087000
3826596.704710 461155.068084 5064866.103000
3826604.316710 461148.049085 5064861.024000
3826604.101710 461140.732085 5064861.847000
3826597.259710 461136.267084 5064867.386000
3826590.538710 461139.119083 5064872.173000
3826589.631710 461147.749083 5064872.073000
3826593.514710 461159.173084 5064868.126000
3826598.866710 461158.917084 5064864.132000
3826606.501710 461153.396085 5064858.900000
3826606.788710 461140.963085 5064859.809000
3826603.938710 461134.764085 5064862.508000
3826594.968710 461132.348084 5064869.460000
3826589.352710 461136.157083 5064873.331000
3826585.387710 461146.935083 5064875.332990
3826588.109710 461155.515083 5064872.514000
3826626.684720 461100.469087 5064848.535000
3826588.242710 461163.008083 5064871.737000
3826610.539710 461153.932085 5064855.821000
3826610.443710 461137.921085 5064857.340000
3826597.773710 461124.835084 5064868.033000
3826582.393710 461137.496083 5064878.432990
3826577.781710 461154.212082 5064880.383990
3826592.479710 461170.239084 5064867.903000
3826604.211710 461169.639085 5064859.151000
3826615.965710 461148.257086 5064852.261000
3826608.697710 461124.314085 5064859.881000
3826592.972710 461121.230084 5064871.963000
3826575.119710 461144.347082 5064883.273990
3826578.075710 461167.483082 5064878.963990
3826593.668710 461177.740084 5064866.332000
3826620.166710 461161.126086 5064847.945000
3826620.623710 461141.013086 5064849.420000
3826609.143710 461114.355085 5064860.446000
3826589.571710 461112.313083 5064875.322000
3826572.534710 461132.803082 5064886.257990
3826567.821710 461140.016081 5064889.142990
3826593.729710 461185.103084 5064865.621000
3826619.657710 461171.901086 5064847.353000
3826613.366710 461114.176086 5064857.292000
3826571.741710 461123.891082 5064887.658990
3826531.297710 461098.769078 5064920.287000
3826534.117710 461101.375078 5064917.935000
3826534.655710 461096.908078 5064917.935000
3826528.864710 461097.663078 5064922.213000
3826531.238710 461104.318078 5064919.830000
3826537.047710 461102.205078 5064915.661000
3826536.691710 461094.816078 5064916.595000
3826530.759710 461094.363078 5064921.089000
3826526.451710 461094.572077 5064924.304000
3826527.177710 461105.973077 5064922.728000
3826532.391710 461109.057078 5064918.536000
3826539.242710 461103.690079 5064913.879000
3826540.931710 461095.140079 5064913.383000
3826535.417710 461090.250078 5064917.965000
3826525.337710 461089.267077 5064925.620000
3826522.589710 461095.163077 5064927.149000
3826522.259710 461105.912077 5064926.426000
3826530.761710 461111.854078 5064919.507000
3826536.637710 461111.585078 5064915.121000
3826543.224710 461102.993079 5064910.953000
3826543.642710 461095.200079 5064911.343000
3826538.304710 461086.033078 5064916.178000
3826530.840710 461085.088078 5064921.867000
3826576.235710 461108.485082 5064885.678000
3826525.549710 461081.835077 5064926.132000
3826519.677710 461110.030077 5064927.992000
3826530.881710 461117.180078 5064918.935000
3826546.922710 461109.426079 5064907.595000
3826546.516710 461087.078079 5064909.920000
3826537.396710 461074.523078 5064917.901000
3826518.195710 461083.134077 5064931.534000
3826512.198710 461096.077076 5064934.866000
3826520.662710 461118.462077 5064926.490000
3826541.311710 461121.460079 5064910.719000
3826552.059710 461105.875080 5064904.061000
3826545.722710 461076.117079 5064911.506000
3826527.992710 461068.826078 5064925.474000
3826512.322710 461081.019076 5064936.135000
3826509.402710 461117.167076 5064935.059000
3826523.160710 461126.774077 5064923.863000
3826548.004710 461126.455079 5064905.244000
3826560.129710 461106.242081 5064897.970000
3826555.176710 461078.557080 5064904.190000
3826552.730710 461070.199080 5064906.782000
3826507.160710 461077.749076 5064940.304000
3826502.176710 461111.734075 5064940.974000
3826545.819710 461131.098079 5064906.465000
3826561.816710 461081.739081 5064898.918000
