3826577.022720 461022.995082 5064892.814000
3826575.684720 461025.100082 5064893.628000
3826579.041720 461023.238082 5064891.276000
3826576.222720 461020.632082 5064893.628000
3826572.429720 461022.442082 5064896.311990
3826575.541720 461028.570082 5064893.421000
3826581.101720 461025.485083 5064889.527000
3826579.919720 461018.285082 5064891.065000
3826576.185720 461013.821082 5064894.271000
3826570.094720 461017.844082 5064898.479990
3826569.765720 461028.071082 5064897.801990
3826575.281720 461032.054082 5064893.302000
3826583.298720 461028.619083 5064887.595000
3826584.355720 461020.802083 5064887.508000
3826579.452720 461014.176082 5064891.787000
3826571.657720 461010.227082 5064897.995000
3826566.926720 461019.794081 5064900.681990
3826567.117720 461028.585081 5064899.743990
3826571.725720 461036.888082 5064895.533990
3826578.189720 461035.829082 5064890.778000
3826585.332720 461031.424083 5064885.814000
3826589.101720 461023.030083 5064883.744000
3826584.455720 461012.167083 5064888.213000
3826603.368730 460977.369085 5064877.163000
3826579.405720 461005.200082 5064892.634000
3826566.191720 461008.524081 5064902.251990
3826560.961720 461028.557081 5064904.366990
3826577.384720 461040.796082 5064890.934000
3826590.405720 461028.937083 5064882.231000
3826589.794720 461012.349083 5064884.190000
3826581.712720 460998.487083 5064891.509000
3826566.712720 461001.645081 5064902.481990
3826557.836720 461023.802080 5064907.142990
3826563.360720 461043.669081 5064901.200990
3826581.447720 461048.051083 5064887.228000
3826597.901720 461028.688084 5064876.627000
3826596.727720 460997.378084 5064880.338000
3826573.880720 460992.286082 5064897.948000
3826556.163720 461006.598080 5064909.952990
3826551.036720 461035.145080 5064911.220990
3826562.630720 461052.946081 5064900.909990
3826584.452720 461054.864083 5064884.356000
3826598.584720 461039.382084 5064875.148000
3826600.853720 461013.982084 5064875.741000
3826584.986720 460982.050083 5064890.537000
3826550.922720 460998.394080 5064914.627990
3826556.044720 461056.040080 5064905.572990
3826586.411720 461061.958083 5064882.245000
3826577.022720 461022.995082 5064892.814000
3826575.684720 461025.100082 5064893.628000
3826579.041720 461023.238082 5064891.276000
3826576.222720 461020.632082 5064893.628000
3826572.429720 461022.442082 5064896.311990
3826575.541720 461028.570082 5064893.421000
3826581.101720 461025.485083 5064889.527000
3826579.919720 461018.285082 5064891.065000
3826576.185720 461013.821082 5064894.271000
3826570.094720 461017.844082 5064898.479990
3826569.765720 461028.071082 5064897.801990
3826575.281720 461032.054082 5064893.302000
3826583.298720 461028.619083 5064887.595000
3826584.355720 461020.802083 5064887.508000
3826579.452720 461014.176082 5064891.787000
3826571.657720 461010.227082 5064897.995000
3826566.926720 461019.794081 5064900.681990
3826567.117720 461028.585081 5064899.743990
3826571.725720 461036.888082 5064895.533990
3826578.189720 461035.829082 5064890.778000
3826585.332720 461031.424083 5064885.814000
3826589.101720 461023.030083 5064883.744000
3826584.455720 461012.167083 5064888.213000
3826603.368730 460977.369085 5064877.163000
3826579.405720 461005.200082 5064892.634000
3826566.191720 461008.524081 5064902.251990
3826560.961720 461028.557081 5064904.366990
3826577.384720 461040.796082 5064890.934000
3826590.405720 461028.937083 5064882.231000
3826589.794720 461012.349083 5064884.190000
3826581.712720 460998.487083 5064891.509000
3826566.712720 461001.645081 5064902.481990
3826557.836720 461023.802080 5064907.142990
3826563.360720 461043.669081 5064901.200990
3826581.447720 461048.051083 5064887.228000
3826597.901720 461028.688084 5064876.627000
3826596.727720 460997.378084 5064880.338000
3826573.880720 460992.286082 5064897.948000
3826556.163720 461006.598080 5064909.952990
3826551.036720 461035.145080 5064911.220990
3826562.630720 461052.946081 5064900.909990
3826584.452720 461054.864083 5064884.356000
3826598.584720 461039.382084 5064875.148000
3826600.853720 461013.982084 5064875.741000
3826584.986720 460982.050083 5064890.537000
3826550.922720 460998.394080 5064914.627990
3826556.044720 461056.040080 5064905.572990
3826586.411720 461061.958083 5064882.245000
3826516.704730 460930.113077 5064946.485000
3826515.365730 460932.218076 5064947.299000
3826518.723730 460930.356077 5064944.947000
3826515.904730 460927.750076 5064947.299000
3826519.601730 460925.403077 5064944.736000
3826513.631730 460925.988076 5064949.165000
3826512.739730 460933.390076 5064949.165000
3826518.400730 460935.376077 5064944.736000
3826523.551730 460933.366077 5064941.051000
3826524.079730 460924.964077 5064941.414000
3826517.137730 460919.975077 5064947.076000
3826511.347730 460924.127076 5064951.047000
3826509.354730 460934.343076 5064951.619000
3826514.221730 460939.026076 5064947.543000
3826521.517730 460936.733077 5064942.274000
3826528.531730 460930.103078 5064937.608000
3826524.454730 460920.659077 5064941.522000
3826518.227730 460916.882077 5064946.538000
3826509.925730 460918.097076 5064952.660000
3826507.127730 460925.558076 5064954.085000
3826506.289730 460935.269076 5064953.836000
3826510.074720 460943.142076 5064950.284000
3826520.180730 460943.047077 5064942.707000
3826478.054730 460906.469073 5064977.634000
3826527.794730 460940.750078 5064937.199000
3826532.706730 460924.973078 5064934.938000
3826521.614730 460910.247077 5064944.595000
3826504.109730 460922.437075 5064956.633000
3826505.247720 460941.875075 5064954.022000
3826517.133720 460948.731077 5064944.480000
3826531.208730 460946.283078 5064934.136000
3826537.211730 460928.652078 5064931.224000
3826526.634730 460909.025077 5064940.937000
3826509.776730 460905.989076 5064953.865000
3826496.833730 460923.538075 5064961.994000
3826501.321720 460950.083075 5064956.227000
3826523.768720 460963.003077 5064938.210000
3826539.810730 460940.634079 5064928.190000
3826539.530730 460915.015079 5064930.716000
3826522.452730 460896.542077 5064945.204000
3826503.714730 460900.998075 5064958.867000
3826490.445730 460923.697074 5064966.775000
3826493.499720 460945.975074 5064962.469000
3826509.949720 460959.935076 5064948.860000
3826540.865720 460957.269079 5064925.895000
3826548.110730 460913.071080 5064924.451000
3826505.161730 460892.483075 5064958.550000
3826484.434730 460922.598073 5064971.387000
3826654.153730 460939.623090 5064842.454000
3826652.815730 460941.728089 5064843.268000
3826656.172730 460939.866090 5064840.916000
3826653.353730 460937.260090 5064843.268000
3826655.849730 460944.886090 5064840.705000
3826658.706730 460938.173090 5064839.167000
3826654.039730 460933.856090 5064843.061000
3826649.560730 460939.069089 5064845.952000
3826648.143730 460945.543089 5064846.430000
3826653.705730 460949.921090 5064841.859000
3826660.977730 460944.684090 5064836.874000
3826661.251730 460936.550090 5064837.404000
3826655.226730 460929.768090 5064842.539000
3826649.303730 460932.902089 5064846.702000
3826646.910730 460941.821089 5064847.692000
3826647.692730 460952.401089 5064846.149000
3826656.499730 460952.277090 5064839.549000
3826662.535730 460947.263090 5064835.472000
3826666.229730 460937.746091 5064833.559000
3826662.562730 460931.344090 5064836.890000
3826656.257730 460926.038090 5064842.102000
3826648.704730 460926.558089 5064847.725000
3826643.244730 460937.517089 5064850.832000
3826664.795740 460885.803091 5064839.331000
3826640.680730 460946.781088 5064851.920000
3826648.982730 460959.234089 5064844.563000
3826665.303730 460953.927091 5064832.791000
3826666.387730 460929.498091 5064834.186000
3826652.226730 460921.919089 5064845.500000
3826640.952730 460931.650088 5064853.084000
3826634.959730 460947.961088 5064856.107000
3826643.956730 460962.433089 5064848.046000
3826663.409730 460959.904090 5064833.673000
3826674.743730 460943.072092 5064826.687000
3826669.598730 460921.142091 5064832.531000
3826648.657730 460913.960089 5064848.899000
3826627.383730 460932.349087 5064863.205000
3826634.189730 460959.811088 5064855.614000
3826652.185730 460971.118089 5064841.084000
3826674.390730 460961.043091 5064825.328000
3826681.534730 460938.787092 5064821.977000
3826672.981740 460914.170091 5064830.622000
3826655.795740 460907.374090 5064844.136000
3826637.077730 460918.814088 5064857.152000
3826622.028730 460953.412087 5064865.321000
3826648.846730 460981.265089 5064842.674000
3826686.673730 460944.208093 5064817.629000
3826677.034740 460908.175092 5064828.121000
3826668.706720 461069.597091 5064819.782000
3826667.368720 461071.702091 5064820.597000
3826670.725720 461069.840091 5064818.245000
3826667.906720 461067.234091 5064820.596000
3826669.239720 461063.823091 5064819.904000
3826664.254720 461068.248090 5064823.246000
3826666.627720 461074.902091 5064820.863000
3826672.436720 461072.789091 5064816.694000
3826676.095720 461067.737092 5064814.404000
3826672.978720 461060.504091 5064817.398000
3826664.765720 461061.004091 5064823.517000
3826661.458720 461068.233090 5064825.346000
3826664.065720 461077.920090 5064822.513000
3826670.327720 461078.541091 5064817.757000
3826675.747720 461071.840092 5064814.294000
3826679.071720 461061.774092 5064812.709000
3826671.473720 461056.728091 5064818.869000
3826664.403720 461057.749090 5064824.083000
3826657.641720 461064.232090 5064828.573000
3826658.369720 461072.193090 5064827.307000
3826661.773720 461080.704090 5064823.983000
3826668.446720 461084.655091 5064818.617000
3826677.266720 461077.897092 5064812.607000
3826687.844730 461018.973093 5064809.993000
3826682.962720 461070.983092 5064808.957000
3826680.545720 461054.810092 5064812.233000
3826664.544720 461050.074091 5064824.671000
3826654.393720 461071.631090 5064830.342000
3826663.674720 461086.805090 5064822.004000
3826677.017720 461084.568092 5064812.191000
3826688.313720 461073.262093 5064804.734000
3826686.062720 461054.847093 5064808.088000
3826668.425720 461045.756091 5064822.148000
3826652.352720 461054.409089 5064833.431000
3826648.483720 461077.341089 5064834.262000
3826663.730720 461096.126090 5064821.120000
3826688.916720 461091.877093 5064802.598000
3826693.447720 461062.948093 5064801.812000
3826682.285720 461042.140092 5064812.072000
3826659.440720 461038.291090 5064829.568000
3826644.911720 461054.325089 5064839.024000
3826642.950720 461081.694088 5064838.022000
3826655.122720 461097.929090 5064827.418000
3826675.493720 461098.496092 5064812.076000
3826701.461720 461075.880094 5064794.628000
3826688.979720 461034.879093 5064807.703000
3826642.550720 461046.391088 5064841.513000
3826637.211720 461084.765088 5064842.052000
3826596.686710 461145.225084 5064867.006000
3826595.348710 461147.330084 5064867.820000
3826598.705710 461145.468084 5064865.468000
3826595.886710 461142.862084 5064867.820000
3826600.416710 461148.417084 5064863.918000
3826600.060710 461141.028084 5064864.852000
3826594.128710 461140.575084 5064869.347000
3826592.423710 461147.806084 5064869.973000
3826593.940710 461154.048084 5064868.270000
3826600.683710 461153.960084 5064863.217000
3826604.825710 461144.863085 5064860.930000
3826601.599710 461138.016084 5064863.970000
3826593.427710 461136.441084 5064870.246000
3826589.570710 461142.923083 5064872.556000
3826591.272710 461151.813083 5064870.474000
3826596.467710 461159.964084 5064865.839000
3826604.135710 461154.043085 5064860.617000
3826607.291710 461145.946085 5064858.981000
3826606.474710 461135.706085 5064860.520000
3826600.531710 461132.884084 5064865.236000
3826592.741710 461132.703084 5064871.099000
3826586.341710 461138.121083 5064875.414000
3826586.224710 461150.709083 5064874.363000
3826629.882710 461179.040087 5064839.032000
3826587.924710 461159.994083 5064872.248000
3826600.510710 461164.711084 5064862.375000
3826612.558710 461149.577085 5064854.699000
3826603.097710 461128.843085 5064863.675000
3826587.453710 461131.992083 5064875.133000
3826581.715710 461147.418083 5064878.045990
3826583.411710 461164.741083 5064875.205990
3826597.466710 461170.654084 5064864.122000
3826613.444710 461155.725086 5064853.478000
3826616.207710 461134.445086 5064853.327000
3826602.352710 461119.875085 5064865.045000
3826580.931710 461127.829083 5064880.403990
3826570.117710 461156.957081 5064885.888990
3826587.786710 461174.960083 5064870.998990
3826608.382710 461172.332085 5064855.777000
3826623.557710 461149.403087 5064846.459000
3826620.335710 461126.445086 5064850.952000
3826602.346710 461111.927085 5064865.768000
3826584.382710 461117.716083 5064878.728000
3826572.847710 461139.460082 5064885.420990
3826574.397710 461177.754082 5064880.795990
3826609.779710 461182.852085 5064853.777000
3826627.151710 461127.491087 5064845.742000
3826603.345710 461104.336085 5064865.703000
3826533.317710 461099.013078 5064918.749000
3826531.978710 461101.118078 5064919.563000
3826535.336710 461099.256078 5064917.211000
3826532.517710 461096.650078 5064919.563000
3826529.053710 461101.595078 5064921.716000
3826534.394710 461104.560078 5064917.439000
3826537.954710 461098.357078 5064915.328000
3826533.850710 461093.239078 5064918.871000
3826528.674710 461092.048078 5064922.864000
3826525.048710 461099.371077 5064924.923000
3826529.117710 461107.968078 5064921.092000
3826535.650710 461107.587078 5064916.222000
3826541.216710 461099.473079 5064912.778000
3826538.811710 461092.370079 5064915.225000
3826531.689710 461090.182078 5064920.769000
3826523.171710 461092.097077 5064926.989000
3826523.101710 461103.062077 5064926.051000
3826527.015710 461110.140077 5064922.473000
3826534.594710 461113.897078 5064916.445000
3826539.809710 461108.757079 5064912.995000
3826544.195710 461100.426079 5064910.456000
3826543.922710 461091.059079 5064911.508000
3826535.219710 461085.229078 5064918.567000
3826523.410710 461153.104077 5064921.296000
3826527.822710 461082.858077 5064924.334000
3826517.654710 461094.313077 5064930.931000
3826521.606710 461114.184077 5064926.168000
3826541.219710 461113.359079 5064911.520000
3826547.582710 461095.037079 5064908.401000
3826539.977710 461081.849079 5064915.301000
3826526.984710 461075.833077 5064925.597000
3826515.179710 461088.333076 5064933.329000
3826516.839710 461112.354076 5064929.911000
3826530.149710 461124.981078 5064918.779000
3826547.874710 461116.619079 5064906.231000
3826554.048710 461089.879080 5064904.014000
3826539.675710 461065.000079 5064917.050000
3826517.474710 461075.927076 5064932.727000
3826508.041710 461099.363076 5064937.689000
3826515.712710 461126.141076 5064929.511000
3826533.463710 461133.065078 5064915.562000
3826553.412710 461120.215080 5064901.749000
3826559.204710 461098.190080 5064899.392000
3826550.369710 461075.878080 5064908.041000
3826522.850710 461060.200077 5064930.113000
3826499.950710 461096.105075 5064944.057000
3826529.008710 461139.952078 5064918.283000
3826558.153710 461124.733080 5064897.782000
